0.0000000000
0.0000000000
4.1911076250
9.8469203992
12.1942554808
15.4980344432
22.5806285640
28.1683868990
32.8246151680
38.2842567094
44.8321427609
51.9481246018
56.0312484256
62.4819929274
67.9121173324
72.0392914341
73.9594207164
75.6579101405
76.3306549647
76.6446948610
76.7914728839
76.8534710235
76.8945299250
76.9054848223
76.9044413703
76.9046933494
76.9051903965
76.9054812053
76.9055434599
76.9055430878
76.9055147327
76.9055021010
76.9055021010
76.9055001313
76.9055001313
76.9055001313
76.9055001313
76.9055001313
76.9055001313
76.9055001313
76.9055001313
76.9055001313
76.9055001313
76.9055001313
76.9055001313
76.9055001313
76.9055001313
76.9055001313
76.9055001313
76.9055001313
