0.0000000000
2.5116958482
6.1469342098
9.8787982051
13.4532548046
17.2598417933
22.3486324385
27.9150228535
33.7773252342
39.7773738450
45.7636337321
51.6000603692
57.8421799875
63.8464715852
69.3061523766
74.6241466046
79.4979670280
83.8150792813
86.9550361456
88.9829414545
90.0528507917
90.6316856191
90.9283572243
91.0796093478
91.1516769000
91.1859002568
91.2038591370
91.2126124519
91.2166110902
91.2181569548
91.2187289455
91.2188539292
91.2188830616
91.2188898488
91.2188899705
91.2188906861
91.2188908545
91.2188908545
91.2188908545
91.2188908545
91.2188908545
91.2188908545
91.2188908545
91.2188908545
91.2188908545
91.2188908545
91.2188908545
91.2188908545
91.2188908545
91.2188908545
91.2188908545
91.2188908545
91.2188908545
91.2188908545
91.2188908545
91.2188908545
91.2188908545
91.2188908545
91.2188908545
91.2188908545
91.2188908545
91.2188908545
91.2188908545
91.2188908545
91.2188908545
91.2188908545
91.2188908545
91.2188908545
91.2188908545
91.2188908545
91.2188908545
91.2188908545
91.2188908545
91.2188908545
91.2188908545
91.2188908545
91.2188908545
91.2188908545
91.2188908545
91.2188908545
